(0, [30.179320912094937, 1.851962057432284, 16.25018886286361, 87, 8.606302041030375])
(1, [30.179320912094937, 1.851962057432284, 16.25018886286361, 87, 8.606302041030375])
(2, [28.75328847881828, 1.939229322423171, 15.200014920453956, 85, 8.167317794305475])
(3, [30.50120148563277, 1.8483938845752184, 15.733030223181753, 84, 10.887948640326812])
(4, [30.555016241235833, 1.9351795858243002, 16.54463348810736, 95, 7.085585920432649])
(5, [30.555016241235833, 1.9351795858243002, 16.54463348810736, 95, 7.085585920432649])
(6, [31.07054537559535, 1.9704204550542097, 18.602930911607306, 106, 1.7648084729218851])
(7, [27.798863789889744, 2.049123495134596, 15.684208506620537, 84, 5.38018707140381])
(8, [61.730876956456065, 13.882950616475632, 33.81072550094141, 200, 1.9573522945536723])
(9, [66.21626561399115, 12.85975510693287, 37.71643498728768, 200, 4.13990614647409])
(10, [26.938470593554513, 1.953555650576883, 15.17594525822126, 88, 3.9714950200896197])
(11, [33.47426868956665, 1.839128069116027, 17.84620010972237, 96, 10.217009090572532])
(12, [28.8849286309903, 1.9293599479788965, 17.196724701024827, 93, 2.847047911952046])
(13, [31.631749035991504, 1.8639187245275708, 15.534573943234399, 93, 11.730431460986637])
(14, [65.07367285304585, 16.47463585526909, 35.82015898954981, 200, 2.032391871723007])
(15, [30.214352811878037, 1.906276994009473, 17.116250603664533, 99, 4.489927422417537])
(16, [65.64250094530024, 15.493626505027152, 36.50778810456928, 200, 2.7757991764347594])
(17, [63.1424101846078, 1.778837057750874, 35.52941510108723, 195, 14.447153109290255])
(18, [64.98535651911916, 12.993643207560572, 36.01862180650958, 200, 4.939826217658606])
(19, [70.07390657845171, 14.706813857030662, 36.74116414950039, 200, 11.958671000871988])
(20, [68.26678058656026, 16.92572693063214, 37.2984787212191, 200, 5.010876800050212])
(21, [64.07044989176936, 13.766975553773369, 36.588176446832435, 200, 1.1975713361004807])
(22, [29.91250160722909, 1.6838973923048577, 14.808795170728484, 86, 11.323515480696358])
(23, [29.91250160722909, 1.6838973923048577, 14.808795170728484, 86, 11.323515480696358])
(24, [63.38566162354033, 12.51297232124141, 36.91980072930069, 200, 0.4187494672378733])
(25, [26.20153714536236, 1.9724710362820832, 14.709658548860391, 80, 5.011286156721852])
(26, [27.01636850816879, 1.8428555075603916, 15.093863659180933, 83, 5.402154190415317])
(27, [64.90421277235933, 5.920706886435591, 37.209193847846855, 200, 9.469330962589368])
(28, [25.289669289123736, 1.8220851906514455, 15.486627020630097, 85, 0.7839993463358326])
(29, [25.289669289123736, 1.8220851906514455, 15.486627020630097, 85, 0.7839993463358326])
(30, [25.289669289123736, 1.8220851906514455, 15.486627020630097, 85, 0.7839993463358326])
(31, [36.22359274338835, 1.8552114807767894, 17.313287654781096, 97, 16.565398696437725])
(32, [35.95899069425018, 1.7462485186586736, 17.489918070891132, 98, 15.591896728059425])
(33, [28.95964379534972, 1.970919119153175, 14.702268886732085, 85, 9.54383069808209])
(34, [35.95899069425018, 1.7462485186586736, 17.489918070891132, 98, 15.591896728059425])
(35, [35.95899069425018, 1.7462485186586736, 17.489918070891132, 98, 15.591896728059425])
(36, [35.95899069425018, 1.7462485186586736, 17.489918070891132, 98, 15.591896728059425])
(37, [35.95899069425018, 1.7462485186586736, 17.489918070891132, 98, 15.591896728059425])
(38, [30.339129952145864, 1.8763838002639748, 16.83130710599562, 105, 4.139261892036515])
(39, [35.95899069425018, 1.7462485186586736, 17.489918070891132, 98, 15.591896728059425])
(40, [35.95899069425018, 1.7462485186586736, 17.489918070891132, 98, 15.591896728059425])
(41, [26.98661395617156, 1.8637118577220526, 15.505080876834823, 86, 3.8993543009514156])
(42, [63.97288783007394, 11.953607114706154, 37.23739228429058, 200, 1.5173839768605575])
(43, [65.99810286929784, 12.130643064519042, 37.94612972835266, 200, 3.9733032173713383])
(44, [64.95884444083302, 11.902109581948466, 36.3919372202388, 200, 5.231704859239954])
(45, [47.401640943235, 1.7525109946256028, 23.934513169746587, 129, 19.381744552351222])
(46, [47.401640943235, 1.7525109946256028, 23.934513169746587, 129, 19.381744552351222])
(47, [66.11228811740766, 18.65508994595307, 35.616598632144985, 200, 2.3362890245722667])
(48, [30.390263685743463, 1.9541303837549593, 18.301955641720777, 101, 2.0224857042904176])
(49, [25.417792689748264, 2.0985516319184843, 15.087175296791129, 92, 0.16268315399578626])
(50, [64.90355624116572, 12.69017604014504, 35.55974259930936, 200, 5.997451243567653])
(51, [65.19105887898027, 14.87486256482301, 36.653545216049054, 200, 2.20016476103946])
(52, [26.374986579937598, 1.9116419599359349, 15.600705730807983, 91, 1.4369197383232972])
(53, [26.374986579937598, 1.9116419599359349, 15.600705730807983, 91, 1.4369197383232972])
(54, [32.206836876892645, 1.928052641773376, 15.570857956707334, 101, 11.143905198597253])
(55, [31.486426070594938, 1.9578516084816988, 15.93591125948172, 98, 9.543178013744736])
(56, [24.847727861440937, 1.9639831653630395, 15.297671944520301, 85, 0.13612866847823568])
(57, [32.206836876892645, 1.928052641773376, 15.570857956707334, 101, 11.143905198597253])
(58, [28.313475517936432, 1.9465785425598636, 15.099584818976876, 92, 6.081202855359251])
(59, [28.313475517936432, 1.9465785425598636, 15.099584818976876, 92, 6.081202855359251])
(60, [32.206836876892645, 1.928052641773376, 15.570857956707334, 101, 11.143905198597253])
(61, [28.08583971835459, 1.7044117940228216, 15.602554698247536, 87, 5.862158246191285])
(62, [28.08583971835459, 1.7044117940228216, 15.602554698247536, 87, 5.862158246191285])
(63, [28.08583971835459, 1.7044117940228216, 15.602554698247536, 87, 5.862158246191285])
(64, [28.08583971835459, 1.7044117940228216, 15.602554698247536, 87, 5.862158246191285])
(65, [26.5528139255592, 1.9112665276385334, 15.422738781468363, 86, 3.148883760543143])
(66, [26.5528139255592, 1.9112665276385334, 15.422738781468363, 86, 3.148883760543143])
(67, [28.01440149378967, 1.894783034336741, 15.434941621767283, 86, 6.064136709708038])
(68, [28.01440149378967, 1.894783034336741, 15.434941621767283, 86, 6.064136709708038])
(69, [39.59268365515029, 1.7872642748515486, 18.74078116913381, 104, 19.116540697181406])
(70, [34.31036718213447, 1.6882167625710924, 15.600156915014418, 87, 18.332203771669015])
(71, [34.31036718213447, 1.6882167625710924, 15.600156915014418, 87, 18.332203771669015])
(72, [64.44275194062205, 13.681471209793036, 36.88940520150847, 200, 1.4252222684341262])
(73, [27.7283215128826, 1.861491549523935, 15.122411223881187, 89, 5.550329028478899])
(74, [32.276463578163956, 2.0475901482477017, 17.79615988152181, 99, 7.113017245036588])
(75, [65.06103110783275, 14.533470583158733, 35.197714240564046, 200, 5.19316315137867])
(76, [33.56263419269439, 1.714329787482076, 17.246676466758945, 97, 11.517585664388818])
(77, [63.89532654766597, 15.471034398599445, 34.27556262383527, 200, 3.7684934490619497])
(78, [66.48536099958312, 17.50270328949138, 37.20096552770025, 200, 1.0660876542743836])
(79, [28.57647912090477, 1.7942609485590078, 15.969038425570467, 88, 5.8206204421096])
(80, [28.57647912090477, 1.7942609485590078, 15.969038425570467, 88, 5.8206204421096])
(81, [28.57647912090477, 1.7942609485590078, 15.969038425570467, 88, 5.8206204421096])
(82, [28.57647912090477, 1.7942609485590078, 15.969038425570467, 88, 5.8206204421096])
(83, [30.78288932127179, 1.8732473806103378, 15.925901213045139, 88, 10.240728835842958])
(84, [27.759936896768473, 1.8616854225209327, 14.924256180133998, 86, 6.609676010748018])
(85, [27.759936896768473, 1.8616854225209327, 14.924256180133998, 86, 6.609676010748018])
(86, [27.759936896768473, 1.8616854225209327, 14.924256180133998, 86, 6.609676010748018])
(87, [67.68885703499673, 16.08933119460901, 34.78782824396574, 200, 9.71272638745296])
(88, [36.95888791475673, 1.7190849872641811, 18.96012193263248, 102, 13.878446976984321])
(89, [33.73191641589186, 1.8067617108285687, 15.979813630014991, 89, 15.897443860925165])
(90, [63.495700091154355, 13.129974457559705, 36.82578216663015, 200, 0.2098613914887011])
(91, [62.541117685847965, 10.379722044092718, 36.880830181540205, 200, 0.9408529645228043])
(92, [39.68759893307256, 1.6585960875875834, 19.2417981750348, 109, 17.43300542848793])
(93, [68.76970440807368, 16.09874462309456, 37.12744633597217, 200, 7.185771521108478])
(94, [64.44377687693063, 12.099827348555953, 38.121943600839245, 200, 0.5438392036268169])
(95, [38.98836293658417, 1.7877423965129964, 19.39370003083336, 115, 14.401583414988622])
(96, [66.88800107922188, 10.08509158800577, 37.60101818996255, 200, 8.488874190512888])
(97, [45.616851344432966, 1.9269605082666137, 26.230781137256542, 143, 8.245179906086236])
(98, [31.72258546591157, 1.939273261174191, 17.084360505460623, 101, 7.1371766597277])
(99, [31.442958275257055, 1.858757864371657, 14.908413662142777, 81, 15.010331361856899])
