0.0 0.0 0.0 0.0 0.0 0.0 0.07066841925725681 0.12618611187287238 
0.1 0.007052818172555188 0.0004449838514705381 0.12618611187287238 0.0003578886465271207 0.07066841925725681 -0.0723415472784921 -0.17538386382173693 
0.2 0.006885554506543986 0.00044903845218085756 -0.049197751948864554 0.0003611828745330162 -0.0016731280212352873 -0.1821630174047247 -0.003031219277664615 
0.3 -0.011491966875469065 0.0009223158596283322 -0.05222897122652917 0.0007454643787850149 -0.18383614542596 -0.0648035328976837 0.16877389832091855 
0.4 -0.03631274171723432 -0.0005426184813041278 0.11654492709438938 -0.00041694804622071063 -0.2486396783236437 0.29116675607901976 0.05965604150163473 
0.5 -0.0320762873499467 -0.00017116482604192032 0.1762009685960241 -0.00011524324003391398 0.042527077755376064 -0.14107196458134352 0.1907427101270474 
0.6 -0.04176919370672237 -0.0019483855647812387 0.36694367872307154 -0.0016054038424088615 -0.09854488682596746 -0.05276743215193058 -0.16421006703665114 
0.7 -0.05682571158790889 -0.00345020047954347 0.2027336116864204 -0.002843196436970394 -0.15131231897789804 -0.11064439524723609 -0.10396058919527636 
0.8 -0.08299306339467478 -0.004667944581246098 0.09877302249114404 -0.00388028167253188 -0.2619567142251341 -0.001202490696286418 0.020694126492911885 
0.9 -0.10926805119236489 -0.006135148582051143 0.11946714898405593 -0.00514160573943091 -0.26315920492142053 0.045824430352386175 -0.10943642532378701 
1.0 -0.13100152847596402 -0.006132403948981585 0.010030723660268914 -0.0052288085700190395 -0.21733477456903436 0.11172883890223306 0.07894135846405059 
1.1 -0.1415539976065104 -0.006546567841023315 0.08897208212431951 -0.005605270311588545 -0.10560593566680129 0.07352814350864983 -0.13973156396707592 
1.2 -0.14476023763902407 -0.006447208134287943 -0.050759481842756415 -0.005540105217163561 -0.03207779215815146 0.44248059625932185 0.04289487067350023 
1.3 -0.10372179840898345 -0.006835951884461867 -0.007864611169256186 -0.005669213219947234 0.41040280410117036 -0.06957385213275227 -0.16898657349535134 
1.4 -0.06978894034911065 -0.010030461062321402 -0.17685118466460753 -0.008096237966706025 0.3408289519684181 0.1802362365330344 -0.10259903839864913 
1.5 -0.01824380247994782 -0.017658571492142134 -0.2794502230632567 -0.014019673166484708 0.5210651885014526 0.0880303358247323 -0.1543925509615667 
1.6 0.04109450310145813 -0.03140408233276163 -0.4338427740248234 -0.025050409497884393 0.6090955243261849 -0.15539742125092243 0.07766660961207128 
1.7 0.08554826589444564 -0.040475061380566446 -0.3561761644127521 -0.03169764002577776 0.4536981030752624 -0.17890959369601828 -0.15750197943498354 
1.8 0.11193327665329379 -0.04815089723890374 -0.5136781438477357 -0.03770409329931782 0.27478850937924415 0.12946735556594963 -0.08291402691490102 
1.9 0.15020896209440215 -0.06115858525173655 -0.5965921707626367 -0.048227809802984925 0.4042558649451938 -0.11848707459918695 -0.013305293635030274 
2.0 0.17710950595791242 -0.07080217147292833 -0.609897464397667 -0.05586788922757254 0.28576879034600683 0.23675033939233137 0.0030966542581136736 
2.1 0.226185613925949 -0.0887409015320691 -0.6068008101395533 -0.06975157743635411 0.5225191297383383 0.1397864846123621 0.13214216245513166 
2.2 0.2894036313222436 -0.10848854808770649 -0.4746586476844217 -0.08299645615551612 0.6623056143507003 0.3018235276710243 0.060418612983171194 
2.3 0.3818667638141918 -0.13580189930523195 -0.4142400347012505 -0.09960044250318931 0.9641291420217246 0.19521694862981415 0.024847775256012727 
2.4 0.4928975055307776 -0.16916367343303992 -0.38939225944523775 -0.1182789749317557 1.1593460906515387 0.08298195683910164 -0.18305553418298726 
2.5 0.6074657281635485 -0.2172044075925727 -0.5724477936282251 -0.14906629591992912 1.2423280474906404 -0.0729098521644799 -0.011915940549444504 
2.6 0.7135986587139805 -0.2663082792156546 -0.5843637341776695 -0.17876382521469728 1.1694181953261604 0.11211237444053335 0.18691306764089283 
2.7 0.8328491788027429 -0.3132392867802186 -0.3974506665367767 -0.19987011927340784 1.2815305697666939 -0.16834307311608762 -0.062335194209976186 
2.8 0.9342264269623781 -0.35922317072418497 -0.4597858607467529 -0.22135880405438366 1.1131874966506063 0.4584810046797037 0.15524084991637804 
2.9 1.0806165234741323 -0.41641896098901054 -0.30454501083037483 -0.24089409605945747 1.57166850133031 0.02567089191187863 0.17698400284770055 
3.0 1.2329979886200844 -0.4643232452651189 -0.12756100798267428 -0.24907230409193237 1.5973393932421887 0.06339017773700456 0.0014160213551569767 
3.1 1.3910500721987036 -0.5153111453562634 -0.1261449866275173 -0.2574800377781048 1.6607295709791932 0.461455412551463 -0.16942516653868553 
3.2 1.574933291934146 -0.5939683859621157 -0.29557015316620283 -0.2815774403879654 2.0 0.06844567704454019 0.06252939406691749 
3.3 1.759333836774272 -0.6714050637231406 -0.23304075909928534 -0.3004380862028802 2.0 0.09006121346819662 -0.05765912855999014 
3.4 1.9398751441119264 -0.7574564224852811 -0.29069988765927546 -0.32412321337869854 2.0 -0.17046480310486656 0.1802733673816957 
3.5 2.1098263919916525 -0.825195360408052 -0.11042652027757976 -0.3322250500657612 1.8295351968951334 0.11106159782088049 -0.08485689995310133 
3.6 2.2862557157652064 -0.9060152398278281 -0.1952834202306811 -0.34750671147807455 1.9405967947160139 0.009140390115505381 0.0061639096257869175 
3.7 2.46250989760142 -0.9893771872882506 -0.18911951060489418 -0.3623681460472675 1.9497371848315193 0.04530727233584897 0.07187079934165591 
3.8 2.6445998347491924 -1.0708957658471454 -0.11724871126323827 -0.3717518038084654 1.9950444571673682 0.38967531317171095 0.16002013138619248 
3.9 2.832449034430931 -1.1395447147023923 0.04277142012295421 -0.36832878478308967 2.0 -0.011778302588418055 -0.06889170405048295 
4.0 3.01698559964511 -1.213548169213212 -0.026120283927528742 -0.37040639677289455 1.988221697411582 -0.17042023945726426 0.15513405675311853 
4.1 3.190321979134488 -1.2683069214901102 0.1290137728255898 -0.3609927097004764 1.8178014579543178 0.45608320615987935 0.017193626665476136 
4.2 3.382083682627575 -1.3251175637451431 0.14620739949106593 -0.34924340759088823 2.0 0.16086977733863594 -0.08804826362860432 
4.3 3.571919940314921 -1.3880635347620691 0.0581591358624616 -0.3445873918804876 2.0 0.46747449111003275 -0.17684282493877182 
4.4 3.7558301580400513 -1.4666576300637848 -0.11868368907631022 -0.3541101675333785 2.0 0.4206101048224082 -0.040706591477276816 
4.5 3.937318855566099 -1.550692460165944 -0.15939028055358703 -0.36692983498620124 2.0 0.4905058414307571 -0.10869091314510446 
4.6 4.112818469078314 -1.646608494576585 -0.2680811936986915 -0.3887105167783263 2.0 -0.10903333225335277 0.09772551039333544 
4.7 4.281094486399361 -1.7328681686998684 -0.17035568330535605 -0.40167516181151636 1.8909666677466472 -0.1974941555175871 0.13537970980632114 
4.8 4.435781444460742 -1.8017915791093262 -0.03497597349903492 -0.40404500002655946 1.6934725122290601 0.21953590429097591 0.10897465460062128 
4.9 4.614338887005756 -1.8704447052475364 0.07399868110158636 -0.3983761168269177 1.913008416520036 0.2034170357780405 -0.1171789070481233 
5.0 4.796959702472657 -1.9519900163218342 -0.043180225946536935 -0.4018318781343406 2.0 -0.10763921726137059 -0.15623935235016673 
5.1 4.962919796935358 -2.0429160322160924 -0.19941957829670365 -0.4170546786370191 1.8923607827386295 -0.09646437639261546 0.0885689920925935 
5.2 5.122838657814052 -2.124637491812249 -0.11085058620411015 -0.42503824956143527 1.795896406346014 0.43785111963385553 -0.1607397212837924 
5.3 5.292288849609643 -2.230876055904754 -0.2715903074879026 -0.44711332423464645 2.0 0.023776233817463965 -0.04784377166626952 
5.4 5.4567332059978 -2.344709502887988 -0.3194340791541721 -0.47324306057350285 2.0 0.1691434543799067 -0.18665157915061664 
5.5 5.606951374121818 -2.476749277067831 -0.5060856583047888 -0.5162267418570803 2.0 0.15706387263478494 0.1869376703376373 
5.6 5.763159405681589 -2.6016454374420466 -0.3191479879671515 -0.5423319884547028 2.0 0.22128009355537442 0.03679892975622159 
5.7 5.9183490135438594 -2.727804803370838 -0.2823490582109299 -0.5653120665417386 2.0 0.1037691971111318 -0.04588286901296457 
5.8 6.067653276971987 -2.8608771029759192 -0.3282319272238945 -0.5921964634815229 2.0 0.21397974825634497 0.07298549170628116 
5.9 6.218128640439196 -2.9926236968195985 -0.25524643551761333 -0.6129035469572809 2.0 -0.05228374645180908 0.15158924047953487 
6.0 6.3714354550396335 -3.1127611457704774 -0.10365719503807846 -0.6209975245079024 1.947716253548191 0.0661761796802679 -0.004064375683871274 
6.1 6.5276010487045815 -3.2377103648767784 -0.10772157072194974 -0.6296362175139988 2.0 0.17792810740792614 -0.08545620033259226 
6.2 6.677178003041058 -3.370476078566058 -0.19317777105454198 -0.6452130982915899 2.0 0.36387638806087924 0.08432257272882138 
6.3 6.830199633649975 -3.4992564364075713 -0.1088551983257206 -0.6539431533980891 2.0 0.4515274093452623 -0.1106020140865471 
6.4 6.974720411779453 -3.637508903614671 -0.2194572124122677 -0.6716806547390429 2.0 0.11897241193976305 -0.0411927417411147 
6.5 7.113878682784455 -3.7811576961988704 -0.26064995415338243 -0.6928391360809502 2.0 0.45675074272256927 0.008071173281310656 
6.6 7.250547446810028 -3.927177040601324 -0.25257878087207175 -0.7133236804382516 2.0 0.2632002289989611 0.03521103452745211 
6.7 7.386760090848024 -4.0736219640509885 -0.21736774634461964 -0.7308888164727526 2.0 0.09719500000876863 0.17235193910122515 
6.8 7.532634473990513 -4.210445442821257 -0.04501580724339449 -0.7344916031066595 2.0 0.08034833264989372 0.14253952464703423 
6.9 7.687421016523402 -4.337099010677494 0.09752371740363974 -0.7266741652780675 2.0 0.41408485953943514 0.12016633633567797 
7.0 7.850399131497266 -4.453021976648719 0.2176900537393177 -0.7090824480742434 2.0 -0.12154004368856397 0.03648644367714113 
7.1 8.007249677725511 -4.556385530295817 0.25417649741645887 -0.6897175889710491 1.8784599563114361 0.08764652694325825 -0.09456495915687552 
7.2 8.16839212704498 -4.669030361789694 0.15961153825958335 -0.6770974894369076 1.9661064832546944 0.3460131670578977 -0.12443657244427088 
7.3 8.32645041684381 -4.791576585827274 0.03517496581531247 -0.6742827663219675 2.0 0.16249812123257462 0.10964411179675271 
7.4 8.491291422842682 -4.904834886809057 0.1448190776120652 -0.6626460287575583 2.0 0.016701668959328175 0.07203292585542143 
7.5 8.661309234683666 -5.010162678283121 0.21685200346748662 -0.645123421684586 2.0 0.1343020334691813 0.12627976259481172 
7.6 8.839148405892084 -5.1016680288583895 0.34313176606229834 -0.6169538434007296 2.0 0.3641073056450193 0.014932048931283998 
7.7 9.020115876902242 -5.186819508212464 0.3580638149935823 -0.5874868465137758 2.0 0.018510289752139975 -0.012259420618593309 
7.8 9.203035987232546 -5.267691216718896 0.345804394374989 -0.5590857610569693 2.0 0.1613919239795636 0.15788007212761224 
7.9 9.39335732374555 -5.3291549366511 0.5036844665026012 -0.5163330062360632 2.0 0.3403693337777343 0.11675633601620156 
8.0 9.588730119815057 -5.371927247273535 0.6204408025188028 -0.4617339114078534 2.0 0.1532888952344526 -0.029942703935931625 
8.1 9.785687899658896 -5.406678261057107 0.5904980985828712 -0.4103064177538576 2.0 0.15506561458918705 -0.1671769467452395 
8.2 9.98163241002922 -5.446750057319985 0.42332115183763164 -0.37504271734847877 2.0 -0.15596344660560263 0.016376783962142483 
8.3 10.163720619254377 -5.475880662595577 0.4396979357997741 -0.34115379462949136 1.8440365533943974 0.108326265254373 0.1487988800906634 
8.4 10.358661873752164 -5.486609737637293 0.5884968158904376 -0.2911546095187206 1.9523628186487705 -0.08253424197382077 -0.03857763338133888 
8.5 10.545596022185773 -5.490877431499771 0.5499191825090987 -0.2469475054294069 1.8698285766749496 -0.00024607454538638773 0.00420009638647692 
8.6 10.73250338403998 -5.486515619102238 0.5541192788955756 -0.202352507195188 1.8695825021295631 -0.16168492735615297 -0.06881520844839775 
8.7 10.903184326949107 -5.48041996599365 0.4853040704471778 -0.16734067173943323 1.7078975747734102 0.034739159429442557 0.11397020633466048 
8.8 11.076114645963795 -5.458904096515286 0.5992742767818383 -0.12173032164500594 1.7426367342028528 0.1507092356982941 0.0735349523794881 
8.9 11.261569800011753 -5.4207730664419005 0.6728092291613263 -0.06453256111355507 1.893345969901147 0.49648371241186545 -0.11080134051099864 
9.0 11.457200677878383 -5.3791971163609755 0.5620078886503277 -0.016031083326580542 2.0 0.45322840846087004 0.05150508276659632 
9.1 11.649322377792098 -5.323616072629641 0.6135129714169241 0.037824829852209585 2.0 0.11305294829046691 0.1948403477249176 
9.2 11.83178271025831 -5.241712305461583 0.8083533191418417 0.11548149839392946 2.0 0.417209383797793 -0.1262896014053814 
9.3 12.012378415689303 -5.155775170415772 0.6820637177364604 0.17697057749528042 2.0 0.45202823130219155 0.1826924324036075 
9.4 12.179112672411508 -5.045322974261535 0.8647561501400678 0.2630886564421212 2.0 0.15458639848301425 0.00998228526296932 
9.5 12.33520539362681 -4.920282731205141 0.8747384354030371 0.35080835382799447 2.0 0.14458984818134485 0.12263710595974636 
9.6 12.472610950869115 -4.774956502192854 0.9973755413627834 0.4616648413134665 2.0 0.21778617254831395 0.12384702857763896 
9.7 12.585238495050863 -4.609683890149635 1.1212225699404224 0.6062825134313046 2.0 0.279376289873947 0.04452384001136375 
9.8 12.669843784264986 -4.428460423024115 1.165746409951786 0.767483120956028 2.0 0.4642463977168683 0.040095475773045786 
9.9 12.721404591492208 -4.235220977883953 1.2058418857248319 0.9467984734275108 2.0 0.32108805192079265 -0.10628263525138366 
10.0 12.745609878204519 -4.0366911209475855 1.0995592504734482 1.0843855381980232 2.0 -0.19967319497623837 0.10190109130140579 
10.1 12.735794787069791 -3.856926191011606 1.201460341774854 1.243855683215355 1.8003268050237615 -0.158520358044027 -0.13683608367994227 
10.2 12.709277851262728 -3.694901081201903 1.0646242580949117 1.3484309886191168 1.6418064469797344 0.10386088568508683 0.1864303807441215 
10.3 12.6516198289211 -3.5301312513695473 1.2510546388390331 1.5272240769524421 1.7456673326648213 0.0969845094984893 -0.1599431046005581 
10.4 12.570501153148967 -3.3646821094701287 1.091111534238475 1.6516035559257451 1.8426518421633107 -0.14627126806097182 -0.14717210245647502 
10.5 12.485949429590825 -3.217617237507905 0.9439394317819999 1.7363239516173168 1.6963805741023388 0.33805373841138225 0.1154083465517009 
10.6 12.364493577201593 -3.0587195474038475 1.0593477783337009 1.8622818196118756 2.0 0.47310005998813415 0.15708043068232524 
10.7 12.215842552373887 -2.924917930008268 1.216428209016026 2.047019595832507 2.0 -0.017644528251270164 0.09145818947914763 
10.8 12.043361677701968 -2.827205699268555 1.3078863984951736 2.2935973839542756 1.98235547174873 0.4276890804128513 -0.03956933917590208 
10.9 11.851308175189528 -2.7713894635238874 1.2683170593192716 2.510098792969797 2.0 0.2736757227781302 0.16226682664723668 
11.0 11.65131936535065 -2.7692738219594095 1.4305838859665083 2.971118770551714 2.0 -0.0536387067310507 -0.07720567368345244 
11.1 11.473953020309883 -2.8494261923936994 1.3533782122830558 3.2629978865134444 1.9463612932689494 0.44315101652085626 -0.09854902073388017 
11.2 11.318657406164759 -2.975455047134543 1.2548291915491756 3.470285001016971 2.0 -0.16967525278680987 -0.04980598896119376 
11.3 11.200767082332204 -3.1154648980353485 1.205023202587982 3.634015191855567 1.83032474721319 0.3668812434053544 0.009555146387343727 
11.4 11.099210057958514 -3.2877616501822233 1.2145783489753257 3.8177835216997718 2.0 0.33423417172535846 0.15606520579157512 
11.5 11.04129200566846 -3.4791917920589053 1.3706435547669007 4.143069086669998 2.0 0.18237364417672336 0.1724785619598727 
11.6 11.058837042851032 -3.67842073491175 1.5431221167267735 6.431204913734238 2.0 0.3259059280961047 0.08965131927304759 
11.7 11.19341723156309 -3.5304742148234887 1.632773435999821 5.432582966326804 2.0 0.39864819897295495 0.08638377483556009 
11.8 11.391444389271289 -3.55849643475718 1.719157210835381 5.026669493226264 2.0 0.23778758663469474 -0.020219429390828575 
11.9 11.56170524132147 -3.6634309012548303 1.6989377814445523 4.553465591585254 2.0 -0.15827441725242494 -0.04729175006030542 
12.0 11.655027614283142 -3.8222089410659814 1.651646031384247 3.852417417010024 1.8417255827475751 -0.04981874705544631 0.17597816547061007 
12.1 11.633651438299582 -4.00012004296331 1.827624196854857 3.6509473639026213 1.7919068356921288 0.4182698885157667 0.11547074539192287 
12.2 11.576370153757823 -4.191741686942392 1.9430949422467798 3.5040139962356514 2.0 -0.1334777158230398 0.15079192090947363 
12.3 11.50367620162306 -4.363656327669471 2.0938868631562535 3.4145890533392675 1.8665222841769602 0.23741950073421758 0.17323944237801953 
12.4 11.416704280540605 -4.543755980482094 2.267126305534273 3.3512857684001163 2.0 0.05436543486378165 0.11899022781635094 
12.5 11.32294991255442 -4.720419837803027 2.386116533350624 3.302882685401805 2.0 -0.18038191605747522 0.03434780406887855 
12.6 11.231075880855084 -4.877484353252621 2.4204643374195025 3.2621274771634043 1.8196180839425247 0.39698956920446854 -0.09962333107215972 
12.7 11.119679885996087 -5.043589537787525 2.320841006347343 3.206073560522054 2.0 0.14799192874568085 0.12860358311208203 
12.8 11.003432598646764 -5.206336483024368 2.449444589459425 3.164130982978012 2.0 -0.08849192974746585 0.040959396993433456 
12.9 10.88713092295516 -5.358035366532886 2.4904039864528587 3.127645288589718 1.9115080702525342 0.091098189177645 -0.10747736139539027 
13.0 10.756430953689007 -5.509420696184827 2.3829266250574683 3.0788936458885408 2.0 -0.07823817134759285 0.1209874573757787 
13.1 10.627321184748032 -5.651766587676863 2.503914082433247 3.043347121135387 1.9217618286524072 -0.13654579493085178 0.057110183773874945 
13.2 10.50417159408934 -5.781011089266532 2.561024266207122 3.014515843367993 1.7852160337215555 0.24804945837916537 -0.10979896150593045 
13.3 10.359114488052414 -5.9187007257254605 2.4512253047011914 2.972743276760351 2.0 0.1956738752157834 0.07543713909464939 
13.4 10.210396760836836 -6.052428200882337 2.526662443795841 2.9376748871939533 2.0 -0.12688014471183295 -0.09918782737280418 
13.5 10.064481377103185 -6.169878108130529 2.4274746164230367 2.8963819583376726 1.873119855288167 0.13695153180168435 -0.1888744156328428 
13.6 9.899011066696628 -6.282214995990029 2.238600200790194 2.8288014453178856 2.0 0.32834231438490685 -0.03631900664125068 
13.7 9.72551742082907 -6.381713512780895 2.2022811941489433 2.75526587961347 2.0 0.4795774816620561 0.05227969113249739 
13.8 9.546203391657489 -6.470293865807136 2.2545608852814407 2.690118591485226 2.0 0.048740827020735594 0.1257725440164736 
13.9 9.3636292104143 -6.551943534167633 2.3803334292979144 2.6410818155582123 2.0 0.10106921475191327 0.09872730532458096 
14.0 9.178756923144455 -6.62824712123676 2.4790607346224953 2.601892537386429 2.0 0.42879160131195365 -0.07172091886679502 
14.1 8.990063641958068 -6.694540753171625 2.4073398157557 2.5557491466227047 2.0 0.16229936712578835 0.07884772156850356 
14.2 8.799445457692844 -6.755077583510096 2.486187537324204 2.5171997501632957 2.0 -0.08162831161654475 0.07244451553859904 
14.3 8.615236024084428 -6.808634879162308 2.558632052862803 2.4860380724123634 1.9183716883834552 0.23985442313191385 -0.07861261082815534 
14.4 8.420807121592201 -6.855511332480241 2.4800194420346475 2.4469353664068616 2.0 0.05418967650818102 0.026611393374446818 
14.5 8.224901392300934 -6.8957722965876345 2.5066308354090943 2.4101757240000024 2.0 0.19718973861082983 -0.012930383133263945 
14.6 8.027565653274937 -6.928308524135763 2.49370045227583 2.3722918202327423 2.0 -0.06317767838608951 -0.10027656524006733 
14.7 7.834958401220233 -6.94868629415495 2.393423887035763 2.32618232632271 1.9368223216139104 0.23588961435878886 0.005617645078093425 
14.8 7.635323725548375 -6.960769185753893 2.3990415321138565 2.2791674460359355 2.0 0.01985858640009297 -0.06039525019686348 
14.9 7.435323800971821 -6.96094287908381 2.338646281916993 2.2253147903841377 2.0 0.0620910550661139 -0.16399414610525154 
15.0 7.236116583071572 -6.943152872438421 2.1746521358117414 2.14680857946901 2.0 0.3251567199964435 0.047625913752344096 
15.1 7.038569872697083 -6.911923123476607 2.2222780495640855 2.0766272376926476 2.0 0.23794487847572232 0.09933183614807739 
15.2 6.842769294412089 -6.871153851429366 2.3216098857121628 2.0206703019572467 2.0 0.413115462202363 0.027115740691404322 
15.3 6.649262142419174 -6.820607020395257 2.348725626403567 1.9680239000063677 2.0 -0.14664057311276207 -0.13352330759508102 
15.4 6.474361053204802 -6.759296167816415 2.215202318808486 1.90190871973312 1.853359426887238 -0.1144446208163365 0.1779564481442742 
15.5 6.311926759976957 -6.69722083123822 2.39315876695276 1.860486046567247 1.7389148060709014 0.31241232059630303 0.11197236563710766 
15.6 6.12649589659928 -6.622284892550501 2.5051311325898675 1.823597349665441 2.0 0.09865703314645413 -0.09840872462918167 
15.7 5.945593466842663 -6.5369953216279555 2.406722407960686 1.7773896379118805 2.0 -0.08254975995341544 0.18578964815227456 
15.8 5.772978658568766 -6.453507105722278 2.5925120561129607 1.7487259176824996 1.9174502400465845 0.3204935312058245 0.15466160948364954 
15.9 5.593007357891444 -6.36626989501198 2.7471736655966104 1.7291275695441783 2.0 0.11958738445082351 0.009961020505626972 
16.0 5.414624282397703 -6.275829426319063 2.7571346861022374 1.7101223100470662 2.0 0.26040033383734534 0.013052622995333246 
16.1 5.2377821690289865 -6.182411724895372 2.7701873090975706 1.6918834640417402 2.0 0.1928998289809889 0.13093830338152102 
16.2 5.06061285017154 -6.089616075990973 2.901125612479092 1.680749208705451 2.0 0.1798505053443636 -0.16349138954639447 
16.3 4.887147347723863 -5.990068502135178 2.7376342229326975 1.6605760014520874 2.0 0.37283807700524335 -0.02598789206522578 
16.4 4.716195727973021 -5.886263185775352 2.7116463308674716 1.6388010796118042 2.0 0.21246137914093632 0.017456422024657497 
16.5 4.547216380803455 -5.779277297780032 2.7291027528921292 1.6181079030960073 2.0 0.4898200237147539 -0.07942806212602375 
16.6 4.382065803914503 -5.666470884162516 2.6496746907661053 1.5922816967348967 2.0 0.46653923385770896 0.09961156628098516 
16.7 4.217842789940117 -5.5523183472604885 2.7492862570470904 1.5728097398735197 2.0 0.08220112708732363 -0.07356702292492624 
16.8 4.057407129535366 -5.432901435265196 2.6757192341221643 1.5487283936549976 2.0 0.10901149310424085 0.13437151604306696 
16.9 3.8970616976254564 -5.313363397529818 2.810090750165231 1.5327613656762393 2.0 0.4299519794425462 0.17607215654851777 
17.0 3.7352412116194325 -5.195829869084636 2.9861629067137487 1.5257856689723617 2.0 0.05907092795637986 -0.12241848201740001 
17.1 3.576589336839773 -5.074053095318456 2.863744424696349 1.5127206239433715 2.0 0.44589838711697644 -0.04958449053123201 
17.2 3.4205656583607063 -4.94892671219379 2.814159934165117 1.4969795618637747 2.0 0.49891818767853274 -0.1527215522524994 
17.3 3.2699752937538022 -4.8173115835513745 2.6614383819126175 1.4719494320989677 2.0 -0.03903295640163204 0.19534229944929626 
17.4 3.1212160537884803 -4.689543802065865 2.8567806813619137 1.4587789746457924 1.960967043598368 -0.09651932034573212 0.061407737843964194 
17.5 2.9801701211587353 -4.567610631779742 2.918188419205878 1.4492001471190397 1.8644477232526357 0.006381335531615212 -0.009196130955704235 
17.6 2.8400022113414396 -4.443703526538089 2.9089922882501735 1.4391570166805234 1.8708290587842509 0.2586443443860738 0.14804041968197829 
17.7 2.688457909669263 -4.313187915859931 3.057032707932152 1.435444615193881 2.0 0.220740175956475 -0.02184766213833844 
17.8 2.537831321590575 -4.1816142446191655 3.0351850457938134 1.4307430104979342 2.0 0.20564809109261062 0.1155710752097529 
17.9 2.3855927929772505 -4.05190907739114 3.150756121003566 1.4311358897301267 2.0 -0.07183188800389892 -0.15390816017868128 
18.0 2.24167279190877 -3.923591674153564 2.996847960824885 1.4248952414134592 1.9281681119961012 0.23428500776121236 -0.1841937039589911 
18.1 2.0972605706772076 -3.7852258172416575 2.8126542568658937 1.409070685593139 2.0 -0.08032894611413594 0.004867641233611997 
18.2 1.9606573366896332 -3.6503520762265564 2.8175218980995056 1.3941403198967905 1.9196710538858641 -0.1207026577214377 0.19533672513751266 
18.3 1.830595014800419 -3.5260674620188013 3.012858623237018 1.3889885555588768 1.7989683961644265 -0.170656802848598 0.07161570764467579 
18.4 1.7122402276416495 -3.4142366487074884 3.0844743308816938 1.386962347973391 1.6283115933158285 0.47264377370079785 0.17173598364112425 
18.5 1.5638254320497265 -3.2801730501827295 3.256210314522818 1.3917824867469852 2.0 -0.1447655180320088 -0.17964809559655553 
18.6 1.4287702752111295 -3.1529761381049104 3.0765622189262625 1.389148513918591 1.8552344819679911 0.31305455453337355 0.1295293395845306 
18.7 1.2809946973588469 -3.0182082688243437 3.206091558510793 1.391883315980563 2.0 -0.09526177644370361 0.028491328404551597 
18.8 1.139401021258626 -2.8908053336494044 3.2345828869153443 1.395620073166203 1.9047382235562964 0.010707216103639922 -0.16754633504771932 
18.9 0.9996453467563706 -2.7598180679799507 3.0670365518676252 1.3924940834690926 1.9154454396599363 -0.053330684793922334 0.10963552061951826 
19.0 0.8621585396996092 -2.6342310802454167 3.1766720724871433 1.3938867666240258 1.862114754866014 -0.19072845457855378 0.008357667993321632 
19.1 0.7384638765672232 -2.5218257780552995 3.185029740480465 1.3954320505598103 1.6713863002874603 0.323101785689447 0.17717043398247834 
19.2 0.5874681738164689 -2.391517969379671 3.3622001744629433 1.4045786617979203 1.9944880859769072 0.4673976414229866 -0.06140502159831601 
19.3 0.43592295160584216 -2.2610034275648534 3.300795152864627 1.4112350243382699 2.0 -0.19278054154454644 0.16674635962543288 
19.4 0.29570929514831745 -2.146983463290997 3.46754151249006 1.4234429039987655 1.8072194584554535 0.4844185780382923 0.02768921767771576 
19.5 0.13858385695633527 -2.023243426629545 3.495230730167776 1.4381102143689894 2.0 0.3217689690965974 -0.1426823066646748 
19.6 -0.01810926331325352 -1.8989563956883393 3.352548423503101 1.446886990023051 2.0 -0.11309260225877928 0.1190161847008867 
19.7 -0.16871293545052496 -1.7852782130178078 3.471564608203988 1.4597912055608946 1.8869073977412207 0.3419826732403775 -0.09031886309768085 
19.8 -0.32851489011540735 -1.6650146055329045 3.381245745106307 1.469743150247951 2.0 -0.18824609898068395 0.14163019329502935 
19.9 -0.47624308988015296 -1.560129425584284 3.5228759384013366 1.4840869399697632 1.811753901019316 0.1302224917819278 0.00021153768480894342 
20.0 -0.6361885530096302 -1.4499923658529184 3.5230874760861455 1.499470429458116 1.941976392801244 -1.941976392801244 0.0 
20.1 -0.6361885530096302 -1.4499923658529184 3.5230874760861455 1.499470429458116 0.0 0.0 0.0 
